100 100
76 28 836
43 56 234
55 8 507
82 36 423
36 94 914
21 29 839
87 84 555
11 82 259
69 50 694
31 100 71
56 71 53
83 61 848
42 68 398
4 54 107
76 68 147
6 72 196
15 92 653
60 51 353
51 80 125
90 84 863
56 56 57
56 96 929
44 100 769
64 79 692
29 12 124
98 88 863
46 25 119
75 70 694
30 58 271
52 11 342
71 16 248
35 75 118
35 72 285
51 44 699
32 99 951
13 27 4
48 61 710
87 67 936
85 75 991
70 10 332
22 10 25
2 69 187
70 14 326
69 75 156
83 82 359
74 25 575
50 51 25
29 70 515
14 40 429
98 35 192
4 32 482
87 39 804
57 88 634
92 51 293
56 15 983
83 33 892
25 44 977
42 29 225
3 37 340
65 55 264
84 34 128
19 39 307
57 15 27
14 26 387
25 30 922
1 15 176
30 82 514
81 80 990
84 11 225
100 90 709
67 53 797
32 28 521
10 59 143
66 44 841
16 64 653
18 22 762
63 31 662
67 20 434
47 15 688
10 52 812
99 14 557
44 83 624
82 88 34
79 48 498
74 45 870
38 4 775
23 18 60
86 76 860
64 28 325
76 87 945
3 70 403
10 37 97
60 11 107
25 11 684
74 91 708
62 29 86
11 71 915
63 77 976
94 96 829
5 75 142
